  729.0 
  749.5 
  753.5 
  753.5 
  759.0 
  755.5 
  757.0 
  758.0 
  755.0 
  754.0 
  757.5 
  755.0 
  756.5 
  756.0 
  760.5 
  758.5 
  755.0 
  753.0 
  755.0 
  755.0 
    0.0 
    0.0 
    0.0 
    0.0 
    0.0 
    0.0 
    0.0 
    0.0 
    0.0 
    0.0 
    0.0 
    0.0 
    0.0 
    0.0 
    0.0 
    0.0 
    0.0 
    0.0 
    0.0 
    0.0 
  733.5 
  746.0 
  751.0 
  755.5 
  759.5 
  756.5 
  757.0 
  757.5 
  755.0 
  752.5 
  756.5 
  755.0 
  754.5 
  755.0 
  752.5 
  751.0 
  756.5 
  752.5 
  750.0 
  750.0 
    0.0 
    0.0 
    0.0 
    0.0 
    0.0 
    0.0 
    0.0 
    0.0 
    0.0 
    0.0 
    0.0 
    0.0 
    0.0 
    0.0 
    0.0 
    0.0 
    0.0 
    0.0 
    0.0 
    0.0 
  750.0 
  746.0 
  751.0 
  756.0 
  756.0 
  753.5 
  758.5 
  757.0 
  756.5 
  755.0 
  756.5 
  756.0 
  754.0 
  755.0 
  752.5 
  751.0 
  757.5 
  751.5 
  750.0 
  750.0 
    0.0 
    0.0 
    0.0 
    0.0 
    0.0 
    0.0 
    0.0 
    0.0 
    0.0 
    0.0 
    0.0 
    0.0 
    0.0 
    0.0 
    0.0 
    0.0 
    0.0 
    0.0 
    0.0 
    0.0 
  755.0 
  750.0 
  750.0 
  758.0 
  753.5 
  753.5 
  756.0 
  757.5 
  759.0 
  759.5 
  754.5 
  758.5 
  759.5 
  758.5 
  759.5 
  759.5 
  759.0 
  755.0 
  756.5 
  755.0 
  755.0 
  755.0 
    0.0 
    0.0 
    0.0 
    0.0 
    0.0 
    0.0 
    0.0 
    0.0 
    0.0 
    0.0 
    0.0 
    0.0 
    0.0 
    0.0 
    0.0 
    0.0 
    0.0 
    0.0 
  755.0 
  755.0 
  757.5 
  755.0 
  757.5 
  764.5 
  758.5 
  757.5 
  760.0 
  760.0 
  756.0 
  758.0 
  759.0 
  760.5 
  760.0 
  762.0 
  755.5 
  756.5 
  756.5 
  754.0 
  730.5 
  755.0 
    0.0 
    0.0 
    0.0 
    0.0 
    0.0 
    0.0 
    0.0 
    0.0 
    0.0 
    0.0 
    0.0 
    0.0 
    0.0 
    0.0 
    0.0 
    0.0 
    0.0 
    0.0 
  755.0 
  755.0 
  756.5 
  752.0 
  760.5 
  763.5 
  758.5 
  757.5 
  759.5 
  755.0 
  761.0 
  760.5 
  759.5 
  759.5 
  762.0 
  762.0 
  757.0 
  758.0 
  755.5 
  753.5 
  755.0 
  755.0 
    0.0 
    0.0 
    0.0 
    0.0 
    0.0 
    0.0 
    0.0 
    0.0 
    0.0 
    0.0 
    0.0 
    0.0 
    0.0 
    0.0 
    0.0 
    0.0 
    0.0 
    0.0 
